1909.5      190.     0.0      1.0      0.0   
1910.3      180.     0.0      0.8      0.0   
1912.66     187.0    0.0      0.65     0.0   
1926.25     192.5    0.0      0.41     0.0   
1930.39     194.0    0.0      0.37     0.0   
1936.32     204.7    0.0      0.23     0.0   
1937.83     204.1    0.0      0.24     0.0   
1937.98     206.8    0.0      0.18     0.0   
#1959.25     348.7    0.0      0.18     0.0   
1960.27       0.0    0.0      0.20     0.0   
1963.85     358.7    0.0      0.26     0.0   
1964.35       1.1    0.0      0.30     0.0   
1967.28       1.9    0.0      0.32     0.0   
1976.131      2.2    0.0      0.52     0.0   
1979.21       1.1    0.0      0.59     0.0   
1989.39       3.5    0.0      0.73     0.0   
1991.25       2.9    0.0      0.775    0.0   
1991.3893     3.2    0.0      0.777    0.0   
1991.67       1.8    0.0      0.73     0.0   
1996.1838     3.1    0.0      0.807    0.0   
2004.089      3.     0.0      0.78     0.0   
2006.1913     3.7    0.0      0.745    0.0   
#2009.2654     4.2    0.1      0.7144   0.0001
2009.2654     4.3    0.1      0.7140   0.0005
#2009.2654     4.2    0.1      0.7139   0.0001
2011.0372     4.9    0.1      0.6877   0.002405
#2011.0372     5.0    0.1      0.6853   0.0001
2013.1289     5.3    0.1      0.6291   0.000901
#2013.1289     5.3    0.1      0.6300   0.0002
2014.0598     5.0    0.1      0.6021   0.001
#2015.1714     5.6    0.1      0.5711   0.0003
2015.1714     5.7    0.1      0.5707   0.0005
#2016.9622     5.46   0.1       0.5132  0.0020
#2018.0874     6.68   0.1       0.4710   0.0020